
26419239
45441631
12382740
23064236
31836774
57846937
30179569
36164349
460389
34491673
22741624
25554967
23243883
39410028
30022666
127661835
22222333
28261265
75338985
30532220
39153701
23537466
45595714
23148107
65960786
45739071
91050183
23308460
45745333
28950133
29435908
58306490
26307864
29103840
29843454
24099488
36775802
40835481
12353330
45179125
31579712
29544671
31480508
36200261
23213239
31234561
52537634
31746
36736385
90281149
126534498
33414947
25679656
122503582
35930308
46175849
25089415
39340999
61052294
23065273
29832607
29614963
60532209
60109889
262340
21515884
20744542
65010959
36731992
29905631
32114286
5074
27315475
109256308
107710327
46855773
23863253
32426058
24390680
60203425
54288674
25161110
35319314
35294456
44148704
54809759
32615394
104866704
36959733
19799369
100411909
87517200
83729091
4097
28349644
45564175
40895450
74006511
37247645
39830920
18921170
102251259
3807937
37628914
31076033
38233726
29440084
34994684
72605916
75908602
43214886
28210851
72356844
60801114
50554618
41811107
73173419
7736865
111359826
68171701
38871455
96591297
81456984
106418011
26222098
28956110
66814271
68782962
57921189
27158721
52840550
65596623
74239057
36621543
4070797
46521427
89157850
29188817
41438670
26217154
64715327
72009603
101718940
54450591
61166138
56502224
62018337
45886306
76623235
63450546
29439161
23858465
65802500
40218493
56720017
32645804
24632746
76454566
33335832
33291029
92897199
34520223
41331440
107140799
83876626
27027721
90715737
68674315
36959483
126827395
23486067
30751873
99026545
31541648
28319192
87500634
68393930
64033486
74382159
38464431
53555848
37755124
53641393
118738197
102669115
69753110
96603157
74383147
457
38444282
83477289
119339221
30262661
114936390
130677737
94943864
101149448
17877966
117431540
111629806
81791382
124260407
90873965
22477631
117708481
34914367
50841752
68185109
26090632
53648975
79038828
33247838
64526004
34500448
125474738
61049064
38635106
38666219
112510790
29082615
3653319
15717218
45407543
42099049
87960594
42415017
46862773
51431740
127229831
53474
72249056
95666423
127020815
111475014
38260582
26089377
73177709
50182889
36459871
94456200
39267596
56255356
109462389
82066609
32486999
109388335
74076642
70409438
110132051
64246606
31613032
29642594
74502997
67111680
94717376
127211280
126851291
71223277
33306317
95128257
47544817
43503503
106828478
79410466
129772452
72536985
65453175
84054237
122975055
83957971
105074179
82175924
42556019
121997847
73755303
64213120
39243732
88084325
91674513
38587020
37866919
29606875
105494325
101605634
69786071
95173438
120755155
118960405
86826045
46950377
84873958
121878181
38867719
39392899
119755567
124712535
124143465
43034616
36837512
98793003
18878581
32805406
37067068
97668990
28444184
100892059
121732667
67120175
77975407
104706316
53370999
58551902
89592663
32578998
99544264
120545632
116658383